index,mean_x,mean_y,mean_z,std_x,std_y,std_z,label,file_id
0,-0.0988396124499999,-0.5472808873999999,0.8259604619999996,0.0078598656072691,0.0077023010969872,0.0034856824537411,0,1763
1,-0.09601916275,-0.5483807512,0.8262787267999997,0.0075113665708367,0.0073663562194814,0.0040806703245979,0,1763
2,-0.09633254605,-0.547909381,0.8265969915999998,0.0076032521472113,0.0075320634778956,0.0045770216461324,0,1763
3,-0.0980561541999999,-0.5477522576,0.8259604618999997,0.0078677499162103,0.0075799180157807,0.0041552096829719,0,1763
4,-0.0971160043,-0.5472808873999999,0.8258013295999995,0.0077726103843998,0.0077023010969872,0.0031340551006591,0,1763
5,-0.09476562955,-0.550266232,0.8259604619999996,0.0069915194254176,0.0063165983464839,0.0034856824537411,0,1763
6,-0.09225856315,-0.551051849,0.8262787266999997,0.0049274202321693,0.0056386918754084,0.0046655820326616,0,1763
7,-0.09225856315,-0.5513660958000001,0.8270743887999995,0.0049274202321693,0.0053107342943725,0.0051972424205929,0,1763
8,-0.09413886295,-0.5512089724,0.8256421971999995,0.0066273138365532,0.0054794442728966,0.0027282710202543,0,1763
9,-0.0946089379,-0.5513660958,0.8256421971999995,0.0069076574109356,0.0053107342943725,0.0027282710202543,0,1763
10,-0.0921018715,-0.5519945894,0.8253239322999996,0.0047244310075608,0.0045192380867373,0.002765519351863,0,1763
11,-0.0924152548,-0.5507376022,0.8254830647999996,0.0051175278593969,0.0059318037992515,0.0022390771148613,0,1763
12,-0.09351209635,-0.5504233554,0.8251647999999996,0.0061779951983063,0.0061950181183334,4.463264492478967e-16,0,1763
13,-0.09288532975,-0.5523088362,0.8261195942999996,0.005623197651014,0.0040291530554427,0.0044206662977776,0,1763
14,-0.0922585631499999,-0.5515232192,0.8251647998999997,0.0049274202321693,0.0051316287553495,0.0022618101556949,0,1763
15,-0.0927286381,-0.5505804788,0.8256421971999995,0.0054643876354714,0.0060668945955749,0.0027282710202543,0,1763
16,-0.0921018715,-0.5513660958,0.8259604618999995,0.0047244310075608,0.0053107342943725,0.0041552096829719,0,1763
17,-0.0933554046999999,-0.5513660958,0.8261195943999996,0.0060502237385184,0.0053107342943725,0.0037982239458745,0,1763
18,-0.09225856315,-0.5524659596,0.8253239323999995,0.0049274202321693,0.0037502724796284,0.0015913239999999,0,1763
19,-0.09131841325,-0.5519945894,0.8254830646999995,0.0034322195546146,0.0045192380867373,0.0031826485151516,0,1763
20,-0.09163179655,-0.5510518489999999,0.8254830647999996,0.0040180815865737,0.0056386918754084,0.0022390771148613,0,1763
21,-0.0921018715,-0.5508947256,0.8256421971999995,0.0047244310075608,0.0057892580114791,0.0027282710202543,0,1763
22,-0.0921018715,-0.5521517128,0.8254830647999996,0.0047244310075608,0.0042841254356717,0.0022390771148613,0,1763
23,-0.09100502995,-0.5524659596,0.8258013295999995,0.0034895466017958,0.0037502724796284,0.0031340551006591,0,1763
24,-0.0914751049,-0.5516803426,0.8253239323999995,0.0037399673300257,0.0049409973033486,0.0015913239999999,0,1763
25,-0.0927286381,-0.551051849,0.8251647998999995,0.0054643876354714,0.0056386918754084,0.0022618101556949,0,1763
26,-0.09194517985,-0.5519945894,0.8261195943999996,0.0050270748136423,0.0045192380867373,0.0037982239458745,0,1763
27,-0.0914751049,-0.5515232192,0.8258013294999996,0.0043528623706111,0.0051316287553495,0.0038649821064222,0,1763
28,-0.0930420214,-0.550266232,0.8254830646999995,0.0057733500553984,0.0063165983464839,0.0031826485151516,0,1763
29,-0.0942955546,-0.5508947256000001,0.8259604619999996,0.0067257492752066,0.0057892580114791,0.0034856824537411,0,1763
30,-0.0917884882,-0.5516803426,0.8254830645999996,0.0042723533434382,0.0049409973033486,0.003904489315608,0,1763
31,-0.0914751049,-0.5507376022,0.8262787266999996,0.0037399673300257,0.0059318037992515,0.0046655820326616,0,1763
32,-0.0921018715,-0.5519945894,0.8251647999999996,0.0047244310075608,0.0045192380867373,4.463264492478967e-16,0,1763
33,-0.0924152548,-0.5508947252,0.8254830647999996,0.0051175278593969,0.0062050721534086,0.0022390771148613,0,1763
34,-0.08896803753,-0.5499519852,0.8283474557999999,0.0170341852723735,0.0065415687900103,0.015172709355004,0,1763
35,-0.09069164665,-0.5496377384,0.8273926535999999,0.0068626324401337,0.006744281483206,0.0098641922486677,0,1763
36,-0.0892814218,-0.5504233554,0.8254830635999997,0.0061719708232037,0.0061950181183334,0.0081487967984669,0,1763
37,-0.083013754043,-0.5521517037,0.8265969988999999,0.0515365210882341,0.0217303575338274,0.0242652925887617,0,1763
38,-0.43415991729,-0.4768896779000001,0.7476670341,0.169616074737642,0.0773832286249124,0.077354666479007,0,1763
39,-0.6850233672999999,-0.4052414962,0.5820095863,0.1218586360539498,0.0575145872955759,0.1463744037168376,0,1763
40,-0.7931406711999999,-0.382615755,0.4683886162999999,0.0247721428919563,0.0366045619604894,0.042626721928333,0,1763
41,-0.8225987033000002,-0.3640752137999999,0.4387898824,0.0480294130704192,0.0276576334379256,0.0690903036413849,0,1763
42,-0.5364796159,-0.324794410412,0.7398695205999999,0.1343383053094716,0.2595128722994761,0.0743488112326362,0,1763
43,-0.5703250114,-0.1250908027359999,0.8111611124000001,0.0306809494942013,0.0731068640109432,0.0409807396522356,0,1763
44,-0.8813581248,-0.1252479255619999,0.3896177853,0.1619753678802767,0.0609303446170216,0.2200907634696056,0,1763
45,-0.8782242741,0.041145550868,0.4373576871,0.1451025153795405,0.129369108846921,0.1053301954185808,0,1763
46,-0.6115236281,-0.22355616643,0.7208629587000001,0.1786555546945973,0.1341905759357105,0.0886301935367596,0,1763
47,-0.3640258636,-0.4844034595,0.8031156555000003,0.0588281315805501,0.0677229780870707,0.0447097790526837,0,1763
48,-0.4708257786,-0.5017151448,0.7166361044,0.1189134599116815,0.0388287294780927,0.0701302140180771,0,1763
49,-0.3130372168999999,-0.5644073081,0.7529184398000001,0.101352276332106,0.0442443289395212,0.0575507278635623,0,1763
50,-0.2287370576,-0.5464952695999998,0.8041592902000001,0.0107687629438104,0.0092942002401995,0.0077958962907548,0,1763
51,-0.2136946528,-0.5463381477999999,0.808615017,0.0063071188264174,0.0090370943916787,0.0038649960802495,0,1763
52,-0.2082104369,-0.5449240363999999,0.8086150176000001,0.0078724892718795,0.0078704409836058,0.0031340688869061,0,1763
53,-0.2063301340999999,-0.5447669129999999,0.8094106825000001,0.0076811486593277,0.0078561699999999,0.0015913249999999,0,1763
54,-0.2050765989,-0.5460239001999999,0.8094106825000001,0.0072834030170218,0.0078815227726377,0.0015913249999999,0,1763
55,-0.2006892266,-0.5441384193999999,0.8097289469000002,0.0047007538787896,0.0077667836042612,0.0035439075012912,0,1763
56,-0.2000624584,-0.5433528023999998,0.810206345,0.001566916,0.0075799180157807,0.0037982263327071,0,1763
57,-0.1995923839,-0.5430385555999999,0.81116114,0.0038057012207407,0.007480570103662,0.0051972456865792,0,1763
58,-0.2006892257,-0.5406817046,0.8111611400000001,0.0026864294755725,0.0061950181183334,0.0051972456865792,0,1763
59,-0.2000577691,-0.5411041706999999,0.809858775,0.0022449441356753,0.0065449816641837,0.004804107424911,0,1763
60,-0.1999629768,-0.5420656682999999,0.8105545032000001,0.0015830147111415,0.007088341333596,0.0052983397300364,0,1763
61,-0.1995127983,-0.5422288208999999,0.8100393004,0.0030828373036496,0.0071618530105247,0.004331700905848,0,1763
62,-0.19999808,-0.5390434797,0.8104495867999998,2.7895403077993544e-17,0.0045192352105024,0.0058632765244394,0,1763
63,-0.1999980801,-0.5414003291999999,0.8093356607,0.0022271195564677,0.0067442771908591,0.0045770187698975,0,1763
64,-0.1992146215,-0.5404575894,0.8110861159999999,0.0034322206498291,0.0060668907343457,0.0063973591651669,0,1763
65,-0.1992146215,-0.540771836,0.8104495867999999,0.0034322206498291,0.0063165943263327,0.0058632765244394,0,1763
66,-0.1995280049,-0.540771836,0.8117226452,0.0026864260466403,0.0063165943263327,0.0068305104412837,0,1763
67,-0.1999980803,-0.5417145757999999,0.8107678513999999,0.0038574842263323,0.0069266864422939,0.0061444628289065,0,1763
68,-0.1998413884,-0.5415574525,0.8091765283999999,0.0027231030893715,0.0068379139400059,0.0043389000878732,0,1763
69,-0.1993713133,-0.5412432059,0.8107678505999998,0.0038057027844772,0.006645570584871,0.0065475361273956,0,1763
70,-0.1987445464,-0.5398290962,0.8118817774999997,0.0042723547067378,0.0054794407855458,0.0069253444427097,0,1763
71,-0.1992146216,-0.5403004661,0.8117226452,0.0040914789827383,0.0059318000239999,0.0068305104412837,0,1763
72,-0.1998413883,-0.5415574525,0.8109269836999999,0.0015669169999999,0.0068379139400059,0.0062742244739616,0,1763
73,-0.1989012383,-0.5412432059,0.8112452482999999,0.0051054004172834,0.006645570584871,0.0065142427089624,0,1763
74,-0.1992146215,-0.5390434797,0.8134731005,0.0034322206498291,0.0045192352105024,0.0076283646164959,0,1763
75,-0.1985878547,-0.5398290962,0.8131548358999998,0.0045068213806194,0.0054794407855458,0.0075202990998151,0,1763
76,-0.1998413883,-0.5404575894,0.8118817774999999,0.0015669169999999,0.0060668907343457,0.0069253444427097,0,1763
77,-0.1992146217,-0.542343069,0.8109269836999999,0.0046583539950571,0.007236567908687,0.0062742244739616,0,1763
78,-0.1973343211,-0.5421859456999999,0.8129957038999999,0.005915506037746,0.0071655770107874,0.0077958597710878,0,1763
79,-0.1852690617,-0.5450141641999999,0.8152235557999999,0.0094014993232326,0.0087795523743262,0.007971068445155,0,1763
80,-0.1951406373,-0.5412432059,0.8150644234999999,0.0072833937205578,0.006645570584871,0.007956615,0,1763
81,-0.1934170286000001,-0.542343069,0.8133139681999999,0.0077726128646246,0.007236567908687,0.0075762128741293,0,1763
82,-0.1882462025000001,-0.5415574525,0.8157009526999996,0.0068191309609283,0.0068379139400059,0.0079950994567014,0,1763
83,-0.1896564278,-0.5417145757999999,0.817451408,0.0074600170726447,0.0069266864422939,0.0078351328279881,0,1763
84,-0.1963941709,-0.542343069,0.8123591743999999,0.0066273159513161,0.007236567908687,0.0071810178528578,0,1763
85,-0.1985878547,-0.5442285485999999,0.8118817774999999,0.0045068213806194,0.0077940221652601,0.0069253444427097,0,1763
86,-0.1926335701,-0.5445427951999999,0.8136322327999999,0.0078598681153369,0.0078386874143906,0.0076768309982003,0,1763
87,-0.1894997361,-0.542343069,0.8152235557999998,0.0074049608436408,0.007236567908687,0.007971068445155,0,1763
88,-0.1901021844000001,-0.5421785820000001,0.8166665915999998,0.0075854649214817,0.0071658891589511,0.0079817784688368,0,1763
89,-0.1928825695999999,-0.5422761260000001,0.8140346227999998,0.0078171504344723,0.0072365633030251,0.0079822969364493,0,1763
90,-0.1880740357000001,-0.5429668760999999,0.8151291910999998,0.0067243250758887,0.0074797040318679,0.0080116262701929,0,1763
91,-0.1891863527,-0.542343069,0.8168148787999998,0.0072833937205578,0.007236567908687,0.007938913943591,0,1763
92,-0.1896893179,-0.5419913348000002,0.8155825657,0.0074916532825787,0.0070959481106749,0.0080019153613023,0,1763
93,-0.1913974507,-0.5421437721,0.8148516717999997,0.0078271372422861,0.0071719765110449,0.0079912351169882,0,1763
94,-0.1879328192000001,-0.5440714252999999,0.8169740110999999,0.0069915213779499,0.0077667786611506,0.0079179434952456,0,1763
95,-0.1887162776,-0.542343069,0.8176105402999998,0.0070708831274018,0.007236567908687,0.007800778807333,0,1763
96,-0.1891863527,-0.5428144388999999,0.8164966141999999,0.0072833937205578,0.0074253574638837,0.007971068445155,0,1763
97,-0.1891617644,-0.5433880382000001,0.8152320690999999,0.0073477520753625,0.0076233173968803,0.0082987805331452,0,1763
98,-0.1864582139999999,-0.5449472204000001,0.8162624763999999,0.0056231958566626,0.0078815127403666,0.0078007837094043,0,1763
99,-0.17141580835,-0.5645876216000001,0.8036909802,0.0268822574701984,0.0475887107099603,0.0274584949019297,0,1763
100,-0.08272829888,-0.6373356648000001,0.7669312812000002,0.0145113514193649,0.0216953306428021,0.0166969088893635,0,1763
101,-0.0907195765999999,-0.6308936108000002,0.7734557360000003,0.0030859854116018,0.0037502677059633,0.004338919174068,0,1763
102,-0.0897794265999999,-0.6271226540000001,0.7742514014000003,0.0022047351737215,0.0072365633030251,0.0035439177020157,0,1763
103,-0.0885258929999999,-0.6250800524,0.7748879334000003,0.0047244325151175,0.0078179767362891,0.0015913339999999,0,1763
104,-0.0888392763999999,-0.6241373132000001,0.7750470668000002,0.0042723547067378,0.0078941585772039,0.0022390911853907,0,1763
105,-0.0899361182999999,-0.6242944364,0.7747288000000002,0.001566917,0.0078894187637611,2.2316322462394835e-16,0,1763
106,-0.0871156676999999,-0.6266512844000001,0.7752062002000002,0.0061779971696925,0.0074253527380681,0.0027282881649151,0,1763
107,-0.0872723594,-0.6238230668000001,0.7747288000000002,0.006050225669133,0.0078941585772039,2.2316322462394835e-16,0,1763
108,-0.0882125096,-0.6238230668000002,0.7753653336000003,0.0051175294923901,0.0078941585772039,0.0031340747952976,0,1763
109,-0.0889959680999999,-0.6244515596000002,0.7752062002000002,0.0040180828687357,0.0078815127403666,0.0027282881649151,0,1763
110,-0.0863322092,-0.6241373132000001,0.7747288000000002,0.0067257514213801,0.0078941585772039,2.2316322462394835e-16,0,1763
111,-0.0839818336999999,-0.6231945740000001,0.7748879338000002,0.0076811388551851,0.00785616,0.0027655337953899,0,1763
112,-0.0842952170999999,-0.6230374508000002,0.7752062002000002,0.0076032545733942,0.0078386824255141,0.0027282881649151,0,1763
113,-0.0872723594,-0.6244515596000001,0.7753653336000003,0.006050225669133,0.0078815127403666,0.0031340747952976,0,1763
114,-0.0874290510999999,-0.6255514220000001,0.7750470668000002,0.005915506037746,0.0077362115821775,0.0022390911853907,0,1763
115,-0.0831983752,-0.6231945740000001,0.7752062006000002,0.0078171554233488,0.00785616,0.003543922872682,0,1763
116,-0.0868022842999999,-0.6238230668000001,0.7750470668000002,0.0064143342632509,0.0078941585772039,0.0022390911853907,0,1763
117,-0.0868022842999999,-0.6238230668000001,0.7756836004000002,0.0064143342632509,0.0078941585772039,0.0037982478142002,0,1763
118,-0.0833550668999999,-0.6233516972,0.7750470668000002,0.0077965065971772,0.0078704309654405,0.0022390911853907,0,1763
119,-0.0825716083999999,-0.6242944364000002,0.7756836004000002,0.0078677524267939,0.0078894187637611,0.0037982478142002,0,1763
120,-0.0842952170999999,-0.6238230668000001,0.7758427338000001,0.0076032545733942,0.0078941585772039,0.0040806959678379,0,1763
121,-0.0877424345,-0.6250800524000002,0.7753653336000003,0.0056231994453654,0.0078179767362891,0.0031340747952976,0,1763
122,-0.0847652921999999,-0.6249229292000001,0.7748879338000002,0.0074600170726447,0.0078386824255141,0.0027655337953899,0,1763
123,-0.0816314582,-0.6236659436,0.7753653336000003,0.0078488167737643,0.0078894187637611,0.0031340747952976,0,1763
124,-0.0824149167,-0.6230374508000002,0.7755244670000002,0.0078724792235116,0.0078386824255141,0.0034857043580325,0,1763
125,-0.0858621340999999,-0.6244515596000002,0.7760018672000001,0.0069915216563979,0.0078815127403666,0.0043389300804649,0,1763
126,-0.0858621340999999,-0.6239801900000002,0.7756836004000002,0.0069915216563979,0.0078957378827268,0.0037982478142002,0,1763
127,-0.0816314581999999,-0.6244515596000002,0.7752062002000002,0.0078488167737643,0.0078815127403666,0.0027282881649151,0,1763
128,-0.0813180748,-0.6228803276000001,0.7760018672000001,0.0078171554233488,0.0078179767362891,0.0043389300804649,0,1763
129,-0.0849219838999999,-0.6242944364,0.7763201340000002,0.0074049608436408,0.0078894187637611,0.0047980525401231,0,1763
130,-0.08525057168,-0.6251943172000001,0.7743434533999999,0.007231037651286,0.0077928966479286,0.002719999106371,0,1763
131,-0.08229332664,-0.6266144547000001,0.7746239104000001,0.0078823588554601,0.0074252238839029,0.0031511896414836,0,1763
132,-0.0817881499,-0.6266512844000001,0.7750470668000002,0.0078598681153369,0.0074253527380681,0.0022390911853907,0,1763
133,-0.0855487507,-0.6225660812000001,0.7761610006000003,0.0071458939781764,0.0077667737180398,0.0045770504084815,0,1763
134,-0.0838251419999999,-0.6258656684000001,0.7752062014000001,0.0077149659908345,0.0076649682669972,0.0047739978383869,0,1763
135,-0.0752070984,-0.6308936108000002,0.7747288008000003,0.0040914789827383,0.0037502677059633,0.00505758128305,0,1763
136,-0.0742669479,-0.6301079948000001,0.7750470672000002,0.0041635821692578,0.0049409910140278,0.0031826659393957,0,1763
137,-0.0732096297199999,-0.6261444213000001,0.7764013357999999,0.006001486544595,0.0075882903355147,0.0056729398854193,0,1763
138,-0.07490450042,-0.6245644842000001,0.7749530262000003,0.0030836977202601,0.0078686718800154,0.0042149739848093,0,1763
139,-0.0745449601999999,-0.6271119404000002,0.7759453137999999,0.0041824877741237,0.0072354330644751,0.0046245824420597,0,1763
140,-0.0723222683999999,-0.6239132200000002,0.7760860210000001,0.0051175327583764,0.0078957579834831,0.0060076712570266,0,1763
141,-0.0734191109999999,-0.6240703436000001,0.77656342,0.0034322228402583,0.0078941786739397,0.0063973873062257,0,1763
142,-0.0745316963,-0.6252224434000001,0.7760235636000001,0.0015745143707936,0.0077923801722204,0.0047493349564894,0,1763
143,-0.0739776143999999,-0.6258254900000001,0.7751930419999999,0.0021883180129475,0.0076625543106065,0.0049728597363783,0,1763
144,-0.0727923437999999,-0.6261129504000001,0.7751312229999999,0.0045068242568544,0.0075799276641438,0.0050041923982918,0,1763
145,-0.0726864981,-0.6220431413000002,0.7771917388000003,0.0047127559415307,0.0076640095087113,0.0067769012759453,0,1763
146,-0.0745714886,-0.6183210752000001,0.7816767471999999,0.0041641455724418,0.0054805396645995,0.0079368564688813,0,1763
147,-0.0745159527999999,-0.6185710188000001,0.7775182179999999,0.0044430881857151,0.0062050776781664,0.0070152828614315,0,1763
148,-0.0738891863999999,-0.6212421188000001,0.776722553,0.0022047365807744,0.0074253716413306,0.0065142713641751,0,1763
149,-0.0729404607,-0.6197157613000001,0.7792170790000003,0.0045314917548573,0.0066401921138516,0.0078783709227735,0,1763
150,-0.0746286990399999,-0.6212762777000002,0.7772509235999999,0.002207213676338,0.0074228185734409,0.0063586120704839,0,1763
151,-0.0727019729999999,-0.6222049530000001,0.7784000318000003,0.004710700461762,0.007701400826513,0.0072329927166276,0,1763
152,-0.0722034263999999,-0.6211439360000002,0.7790227691999998,0.0054605142927904,0.0073632646127915,0.0072053837216266,0,1763
153,-0.0735758027999999,-0.6207707480000001,0.7792686809999999,0.0030859883657976,0.0072365817256726,0.0077217153814015,0,1763
154,-0.0735758027999999,-0.6206136244000002,0.777359085,0.0030859883657976,0.0071655906922281,0.0069253749062995,0,1763
155,-0.0720088847999999,-0.6223419840000001,0.7771999519999998,0.0054643928664977,0.0077362312768161,0.0068305404877124,0,1763
156,-0.0715388093999999,-0.6226562312000002,0.7773590850000001,0.0059155098129977,0.007794037046609,0.0069253749062995,0,1763
157,-0.0727923437999999,-0.6220277368000001,0.7776773510000001,0.0045068242568544,0.0076649877802665,0.0071004514964581,0,1763
158,-0.0734191108399999,-0.6234418492000001,0.776245154,0.0040914805378321,0.0078815328049089,0.0061444898575109,0,1763
159,-0.0702852749999999,-0.6215563660000002,0.7770408190000001,0.0068191353128697,0.0075320730653454,0.0067305713658145,0,1763
160,-0.0705986585999999,-0.6220277368,0.776404287,0.006627320180842,0.0076649877802665,0.0062742520733688,0,1763
161,-0.0735758027999999,-0.6209278716000002,0.778632149,0.0030859883657976,0.0073034694345103,0.0075203321805245,0,1763
162,-0.0737324945999999,-0.6235989728000001,0.7775182179999999,0.0026864277611064,0.0078894388484304,0.0070152828614315,0,1763
163,-0.0718521929999999,-0.6215563660000001,0.7781547500000001,0.0056232030340682,0.0075320730653454,0.0073291278951823,0,1763
164,-0.0712254257999999,-0.6223419840000001,0.7775182178999998,0.0061780011124649,0.0077362312768161,0.0073708899204768,0,1763
165,-0.0709120421999999,-0.6223419840000002,0.7775182179999999,0.0064143383568527,0.0077362312768161,0.0070152828614315,0,1763
166,-0.0743592616399999,-0.6221848604000002,0.775767755,0.0015669164,0.0077023109011299,0.0057108104471349,0,1763
167,-0.0716955011999999,-0.62391322,0.7756086219999997,0.0057733555821926,0.0078957579834831,0.0055495260761851,0,1763
168,-0.0709120421999999,-0.6223419840000001,0.7776773509999999,0.0064143383568527,0.0077362312768161,0.0071004514964581,0,1763
169,-0.0709120421999999,-0.6218706132000001,0.777995617,0.0064143383568527,0.0076242119415909,0.0072572289816828,0,1763
170,-0.0731057273999999,-0.6213992424000001,0.7781547499999999,0.0040180854330597,0.0074805796255666,0.0073291278951823,0,1763
171,-0.0749860277599999,-0.6234418492000002,0.776722553,0.0060481749945123,0.0078815328049089,0.0065142713641751,0,1763
172,-0.05963023506,-0.6239132266000001,0.7792686812999999,0.0149822402967658,0.0098617797311865,0.0097691195190031,0,1763
173,-0.05947354092,-0.6221848604000002,0.7800643460000002,0.0043528660750691,0.0077023109011299,0.0078937123216247,0,1763
174,-0.0596302326,-0.6254844560000001,0.7771999519999998,0.0040180854330597,0.0077362312768161,0.0068305404877124,0,1763
175,-0.0596302326,-0.6257987032000001,0.776722553,0.0040180854330597,0.0076649877802665,0.0065142713641751,0,1763
176,-0.0597869244,-0.6223419840000002,0.7800643460000001,0.004272357433337,0.0077362312768161,0.0078937123216247,0,1763
177,-0.0594735408,-0.6212421188,0.7791095483999999,0.0037399709102746,0.0074253716413306,0.0080031302807355,0,1763
178,-0.0602569998,-0.6223419840000001,0.7767225529999999,0.0049274249491599,0.0077362312768161,0.0065142713641751,0,1763
179,-0.05931684912,-0.6207707480000002,0.781973942,0.0040914807003045,0.0072365817256726,0.0079711035087336,0,1763
180,-0.060100308,-0.6193566356000002,0.783247006,0.004724435530231,0.0064320145294572,0.0077630126883367,0,1763
181,-0.0629207604,-0.6209278716000001,0.7791095480000001,0.0070708876400104,0.0073034694345103,0.0076768647674709,0,1763
182,-0.05900346552,-0.6204565008000001,0.7810191439999999,0.0034895493817094,0.0070903730839389,0.0079903341844718,0,1763
183,-0.05837669856,-0.6188852648000002,0.7822922080000001,0.0035178615813446,0.0060669023180333,0.0079389488657266,0,1763
184,-0.06025699992,-0.6182567704,0.7822922079999998,0.0054073632296584,0.0054794512475984,0.0079389488657266,0,1763
185,-0.0602569998,-0.6207707480000001,0.7799052129999999,0.0049274249491599,0.0072365817256726,0.0078661203569736,0,1763
186,-0.059316849,-0.6201422536000001,0.780064346,0.0034322228402583,0.006926699667614,0.0078937123216247,0,1763
187,-0.05869008204,-0.6201422548000001,0.7810191444000002,0.0035178620942496,0.0072778128460444,0.0083042928939688,0,1763
188,-0.0607270752,-0.6187281412000001,0.7821330750000002,0.0054643928664977,0.0059318113497549,0.00795665,0,1763
189,-0.0615105342,-0.6204565008,0.77974608,0.0061780011124649,0.0070903730839389,0.0078351672936056,0,1763
190,-0.0594735408,-0.6204565008,0.781178277,0.0037399709102746,0.0070903730839389,0.0079951346259889,0,1763
191,-0.05837669856,-0.6190423884000001,0.780700878,0.0035178615813446,0.0061950260038783,0.0079711035087336,0,1763
192,-0.05916015744,-0.6195137592000001,0.7807008783999998,0.0044094722656297,0.0065415771166743,0.0082857909395187,0,1763
193,-0.0605703834,-0.6195137592000001,0.781814809,0.0052961463149789,0.0065415771166743,0.0079823270332628,0,1763
194,-0.0607270752,-0.6202993772000002,0.780223479,0.0054643928664977,0.0070107928635097,0.0079179783251352,0,1763
195,-0.05916015732,-0.6202993772000002,0.780700878,0.00380570426171,0.0070107928635097,0.0079711035087336,0,1763
196,-0.0591601572,-0.6202993772000001,0.7795869469999999,0.0030859883657976,0.0070107928635097,0.0078008131218321,0,1763
197,-0.05884677372,-0.6187281412000001,0.7819739419999999,0.0031338353818183,0.0059318113497549,0.0079711035087336,0,1763
198,-0.06072707532,-0.6204565008,0.7797460799999999,0.0059008177190396,0.0070903730839389,0.0078351672936056,0,1763
199,-0.0611971506,-0.6204565008,0.7795869470000002,0.0059155098129977,0.0070903730839389,0.0078008131218321,0,1763
200,-0.05963023272,-0.6196708828000002,0.7830878729999999,0.0045940255949623,0.0066455832734486,0.0078008131218321,0,1763
201,-0.0593585843999999,-0.6201074376,0.7817503574,0.0037520769064769,0.0069290999866432,0.0078546967732301,0,1763
202,-0.0613624172999999,-0.6183690376000002,0.7826620826,0.0062056116177685,0.0060597385530535,0.0077838292613323,0,1763
203,-0.05947354308,-0.6179425232000001,0.783883538,0.0104032944256935,0.0051316352873222,0.0075762462007954,0,1763
204,-0.05273579775,-0.6213992510000002,0.7811782765,0.0156936843227344,0.0105271296205172,0.0099866389891632,0,1763
205,-0.08752135836,-0.6212421206000001,0.7794278116,0.0182806988000002,0.0092228267791585,0.0144437883080403,0,1763
206,-0.08971504244,-0.6193566356000002,0.7781547499999999,0.0047218055636804,0.0064320145294572,0.0073291278951823,0,1763
207,-0.08470090988,-0.6226562312000001,0.7768816859999998,0.0074049580081514,0.007794037046609,0.0066252351098608,0,1763
208,-0.08423083496,-0.6229704784000001,0.7765634200000002,0.0075590891296791,0.0078387023810202,0.0063973873062257,0,1763
209,-0.08313399348,-0.6228133548000002,0.7764042869999999,0.007796503611758,0.0078179966390832,0.0062742520733688,0,1763
210,-0.08799143432,-0.6243845908000002,0.7765634198999999,0.0051175275327983,0.0078815328049089,0.0067854542034311,0,1763
211,-0.0743592598999999,-0.6246988380000001,0.7787912823999998,0.0078724798628443,0.00785618,0.0079066648079098,0,1763
212,-0.0742025696799999,-0.6213992424000001,0.779427814,0.0031496220787605,0.0074805796255666,0.0077630126883367,0,1763
213,-0.0782765526399999,-0.6218706132000001,0.7776773510000001,0.0069076569700916,0.0076242119415909,0.0071004514964581,0,1763
214,-0.0795806647,-0.6227812092,0.7771894288000003,0.0075205667012538,0.0078134849940268,0.0071960274047284,0,1763
215,-0.08031327734,-0.6251226592000001,0.7746515229999998,0.0077355514164121,0.007799773571939,0.0055029370357816,0,1763
216,-0.08107268476,-0.6287766828,0.7751420733000001,0.0078167457100476,0.0061949048460792,0.0056961143757864,0,1763
217,-0.0800924763,-0.6306025390000001,0.7721918726000001,0.0076811388551851,0.0040291427981467,0.001591326,0,1763
218,-0.0799357846,-0.630916785,0.7721918718,0.0076439183277952,0.0034416679706909,0.0027655269369008,0,1763
219,-0.0774287174,-0.628874186,0.7729875348000002,0.0065235956857709,0.0060668791506581,0.0044206745517289,0,1763
220,-0.0762967719399999,-0.6290681542000001,0.7740472142,0.0054546122056093,0.0059343134595343,0.0044692132093617,0,1763
221,-0.0746726449199999,-0.6272128156000001,0.7746538238,0.0026864250179606,0.0071655906922281,0.0053905350040183,0,1763
222,-0.0749860281999999,-0.6253273324000002,0.7762451539999999,0.0034322193355717,0.0077667934904827,0.0061444898575109,0,1763
223,-0.0751427198399999,-0.6257987032000002,0.775290356,0.0037399670913425,0.0076649877802665,0.0051972620165108,0,1763
224,-0.0741404023,-0.6255752724,0.7752288726000003,0.0027230643328081,0.0077014429553663,0.0064258252947832,0,1763
225,-0.0743172581799999,-0.6253146078000001,0.776466428,0.0027269360315198,0.0077684883079723,0.0065686541976766,0,1763
226,-0.0732624191999999,-0.6256415796000001,0.7767225529999999,0.0037399709102746,0.0077023109011299,0.0065142713641751,0,1763
227,-0.0742619908,-0.6240408768000002,0.7769250860000001,0.0027052331022827,0.0078948285031145,0.0071524233653954,0,1763
228,-0.0740367674,-0.6268483316000001,0.7752341341999999,0.0022291966221346,0.0073016876387119,0.0062248562134169,0,1763
229,-0.0737192300799999,-0.6242234508,0.778073868,0.0041385022593607,0.0078936553619591,0.0073302762685478,0,1763
230,-0.0735114245,-0.6235320040000001,0.7748971268,0.0034895494751442,0.0078894087214265,0.0061444744125941,0,1763
231,-0.0735114246,-0.624631865,0.7748971268000001,0.0026864277611064,0.00785615,0.0061444744125941,0,1763
232,-0.0738248081,-0.6269887100000001,0.7750562594000001,0.002723103653163,0.0072365540917014,0.006274236302279,0,1763
233,-0.0747649585,-0.624946111,0.7761701876000001,0.0034322206498291,0.007817966784892,0.0070152652276714,0,1763
234,-0.0739814998,-0.6249461110000001,0.7753745246000002,0.003149622681783,0.007817966784892,0.0065142549897679,0,1763
235,-0.0736681163,-0.626203095,0.7742605964000002,0.0031338354848486,0.0075320443029962,0.0055495121267816,0,1763
236,-0.0744515751,-0.624474742,0.774419729,0.0026864260466403,0.0078704209472752,0.0057107960923237,0,1763
237,-0.0747649585,-0.627145833,0.7741014638000001,0.0034322206498291,0.0071655633293468,0.0053786447860259,0,1763
238,-0.0738248082,-0.62541748,0.7758519224000001,0.001566918,0.0077362017348582,0.0068305233183246,0,1763
239,-0.0734829533999999,-0.6252992038000001,0.7763155128,0.0030915599778475,0.0077692874174968,0.00656846083926,0,1763
240,-0.07395966074,-0.6248298424000001,0.7765150880000001,0.0027202469792716,0.0078398982995992,0.0067939345927342,0,1763
241,-0.0757051087,-0.625574603,0.7744197290000001,0.0049274218044995,0.0077022814887021,0.0057107960923237,0,1763
242,-0.0705342804,-0.6254174800000001,0.7764884528000003,0.0065235998491029,0.0077362017348582,0.0071810313906836,0,1763
243,-0.0722578902,-0.6236891270000001,0.7764884528,0.0049274249491599,0.007894148528836,0.0071810313906836,0,1763
244,-0.0735114246,-0.625260357,0.7763293202000002,0.0026864277611064,0.0077667638318184,0.0071004336486164,0,1763
245,-0.0746082668,-0.626203095,0.7763293202000001,0.0030859863963338,0.0075320443029962,0.0071004336486164,0,1763
246,-0.0741381917,-0.6265173410000001,0.7744197290000001,0.001566917,0.0074253432864368,0.0057107960923237,0,1763
247,-0.0739815,-0.624946111,0.7758519224000001,2.7895403077993544e-17,0.007817966784892,0.0068305233183246,0,1763
248,-0.0736681163,-0.6251032339999999,0.7768067189000003,0.0031338354848486,0.0077940072839111,0.0076701818538885,0,1763
249,-0.0742948834,-0.624160496,0.7755336572,0.0022047351737215,0.0078894087214265,0.0066252184565329,0,1763
250,-0.0738248081,-0.626674464,0.7744197290000001,0.002723103653163,0.0073663374664345,0.0057107960923237,0,1763
251,-0.0736681163,-0.6252603569999999,0.7769658506000003,0.0031338354848486,0.0077667638318184,0.0073968524151314,0,1763
252,-0.0741381917,-0.625103234,0.7750562594000001,0.0015669169999999,0.0077940072839111,0.006274236302279,0,1763
253,-0.0753917253,-0.626045972,0.7741014638000001,0.0045068213806194,0.0075798987190547,0.0053786447860259,0,1763
254,-0.0736681163,-0.6268315870000001,0.7742605964,0.0031338354848486,0.0073034415451183,0.0055495121267816,0,1763
255,-0.0735114246,-0.6279314480000001,0.7739423312000001,0.0026864277611064,0.0067442643138182,0.0051972489525655,0,1763
256,-0.0744515749,-0.6254174800000001,0.7748971268000001,0.0041396869605803,0.0077362017348582,0.0061444744125941,0,1763
257,-0.0752350336,-0.627145833,0.7744197290000001,0.0042723547067378,0.0071655633293468,0.0057107960923237,0,1763
258,-0.0742948833,-0.6277743250000001,0.7742605964,0.0031338345151516,0.0068379008841817,0.0055495121267816,0,1763
259,-0.0733547328,-0.6274600790000001,0.7741014638000001,0.0030859883657976,0.0070107660917471,0.0053786447860259,0,1763
260,-0.0736681161,-0.627774325,0.7752153920000002,0.0044430898884761,0.0068379008841817,0.0063973712256207,0,1763
261,-0.0749216502,-0.6269887100000001,0.7748971268000001,0.003739968523442,0.0072365540917014,0.0061444744125941,0,1763
262,-0.0739814998,-0.6280885710000002,0.7736240652,0.003149622681783,0.0066455578962935,0.005304422666672,0,1763
263,-0.0742948831,-0.6263602180000001,0.7760110559000002,0.0044430892330198,0.0074805510598529,0.0072853566790158,0,1763
264,-0.0742948834,-0.627617202,0.7758519224000002,0.0022047351737215,0.0069266732169738,0.0068305233183246,0,1763
265,-0.0747649585,-0.626674464,0.7747379942000002,0.0034322206498291,0.0073663374664345,0.0060076561560199,0,1763
266,-0.0741381916,-0.62855994,0.7742605964000002,0.0027231030893715,0.0063165822658789,0.0055495121267816,0,1763
267,-0.0733547327,-0.627617202,0.7752153929000002,0.0038057043482146,0.0069266732169738,0.0067854407007239,0,1763
268,-0.0736681163,-0.6258888490000001,0.7760110550000001,0.0031338354848486,0.0076241828273956,0.0069253574985339,0,1763
269,-0.074451575,-0.6273029560000001,0.7742605964000002,0.0034895481824776,0.0070903460082873,0.0055495121267816,0,1763
270,-0.0733547328,-0.6285599400000002,0.7742605964000002,0.0030859883657976,0.0063165822658789,0.0055495121267816,0,1763
271,-0.0733547327,-0.626045972,0.7742605964,0.0038057043482146,0.0075798987190547,0.0055495121267816,0,1763
272,-0.0739814999,-0.62698871,0.7758519224,0.0022271195564677,0.0072365540917014,0.0068305233183246,0,1763
273,-0.0742948834,-0.6276172020000002,0.7753745246000001,0.0022047351737215,0.0069266732169738,0.0065142549897679,0,1763
274,-0.0735114246,-0.6284028169999999,0.7748971268000001,0.0026864277611064,0.0064319899678463,0.0061444744125941,0,1763
275,-0.0736681164,-0.628874186,0.7745788616000001,0.0022047365807744,0.0060668791506581,0.0058632875780278,0,1763
276,-0.0736681164,-0.625731726,0.7755336572000001,0.0022047365807744,0.0076649585103625,0.0066252184565329,0,1763
277,-0.0741381916,-0.626360218,0.7761701876000002,0.0027231030893715,0.0074805510598529,0.0070152652276714,0,1763
278,-0.0738248081,-0.6279314480000001,0.7736240660000001,0.002723103653163,0.0067442643138182,0.0047980284192155,0,1763
279,-0.0735114244,-0.62855994,0.7744197290000002,0.0041396880272933,0.0063165822658789,0.0057107960923237,0,1763
280,-0.0733547327,-0.62698871,0.7742605964,0.0038057043482146,0.0072365540917014,0.0055495121267816,0,1763
281,-0.0739814998,-0.6249461110000001,0.7756927898000001,0.003149622681783,0.007817966784892,0.0067305544477111,0,1763
282,-0.0739815,-0.6282456940000002,0.7737831986000002,2.7895403077993544e-17,0.0065415521366823,0.0050041798196503,0,1763
283,-0.0730413492,-0.62855994,0.7748971268000001,0.0037399709102746,0.0063165822658789,0.0061444744125941,0,1763
284,-0.0736681163,-0.626674464,0.7750562594000001,0.0031338354848486,0.0073663374664345,0.006274236302279,0,1763
285,-0.0741381916,-0.626203095,0.7760110550000001,0.0027231030893715,0.0075320443029962,0.0069253574985339,0,1763
286,-0.0764885672,-0.627617202,0.7758519216,0.0057733518976631,0.0069266732169738,0.0071952675779192,0,1763
287,-0.0749216501,-0.625574603,0.7769658515000001,0.0043528641450276,0.0077022814887021,0.0077349382268525,0,1763
288,-0.0766452587,-0.621018036,0.7785571766000002,0.0067017412510837,0.0073663374664345,0.0078661005845308,0,1763
289,-0.0750783419,-0.62541748,0.7758519224000001,0.0040180828687357,0.0077362017348582,0.0068305233183246,0,1763
290,-0.0739814998,-0.625731726,0.7742605964000002,0.003149622681783,0.0076649585103625,0.0055495121267816,0,1763
291,-0.0746082668,-0.624317619,0.7774432493000002,0.0030859863963338,0.0078815027080954,0.007906646620929,0,1763
292,-0.0778987925,-0.628245694,0.7739423304000002,0.0068191309609283,0.0065415521366823,0.0056680878878521,0,1763
293,-0.081816085,-0.630916785,0.7723510043999999,0.0078740541918625,0.0034416679706909,0.0031826561212195,0,1763
294,-0.0788389427,-0.630916785,0.7734649334000001,0.0072833937205579,0.0034416679706909,0.0045770273986022,0,1763
295,-0.0752350336,-0.6291884320000001,0.7741014638000001,0.0042723547067378,0.0057892432733611,0.0053786447860259,0,1763
296,-0.0746082666,-0.628245694,0.7748971268000002,0.0044094710940427,0.0065415521366823,0.0061444744125941,0,1763
297,-0.0746082668,-0.6258888490000001,0.7758519224000001,0.0030859863963338,0.0076241828273956,0.0068305233183246,0,1763
298,-0.0744515751,-0.626517341,0.7748971268000002,0.0026864260466403,0.0074253432864368,0.0061444744125941,0,1763
299,-0.0736681164,-0.625103234,0.7752153920000001,0.0022047365807744,0.0077940072839111,0.0063973712256207,0,1763
